0 0.21093750000000008 0.5390625 0.17812500000000003 0.5390625 0.17812500000000006 0.5625 0.21093750000000008 0.5625
0 0.2750000000000001 0.5890625 0.2390625000000001 0.5890625 0.2390625000000001 0.621875 0.2750000000000001 0.621875
0 0.2828125000000001 0.4984375 0.24375000000000008 0.4984375 0.24375000000000008 0.525 0.2828125000000001 0.525
0 0.34843750000000007 0.5953125 0.3000000000000001 0.5953125 0.3000000000000001 0.6359375 0.34843750000000007 0.6359375
0 0.37968750000000007 0.5140625 0.3437500000000001 0.5140625 0.3437500000000001 0.5375 0.37968750000000007 0.5375
0 0.3843750000000001 0.571875 0.3531250000000001 0.571875 0.3531250000000001 0.6046875 0.3843750000000001 0.6046875
0 0.4453125 0.615625 0.3906250000000001 0.615625 0.3906250000000001 0.684375 0.4453125 0.684375
0 0.4375 0.528125 0.3984375000000001 0.528125 0.3984375000000001 0.5578125 0.4375 0.5578125
0 0.51875 0.6328125 0.453125 0.6328125 0.453125 0.7109375 0.51875 0.7109375
0 0.5453125 0.5953125 0.5109375 0.5953125 0.5109375 0.6234375 0.5453125 0.6234375
0 0.5953125 0.559375 0.571875 0.559375 0.571875 0.5859375 0.5953125 0.5859375
0 0.7781250000000001 0.6250000000000001 0.6 0.625 0.6000000000000001 0.825 0.7781250000000002 0.825
0 0.6796875 0.5859375 0.640625 0.5859375 0.640625 0.6234375 0.6796875 0.6234375
0 0.984375 0.6453125000000002 0.8421875 0.6453125000000002 0.8421875 0.7765625000000002 0.984375 0.7765625000000002