0 0.3000000000000001 0.5703125 0.13437500000000008 0.5703125 0.13437500000000008 0.721875 0.3000000000000001 0.721875
0 0.1296875 0.0015625000000000146 0.10625 0.001562500000000013 0.10625 0.03750000000000001 0.1296875 0.03750000000000001
0 0.1984375 0.07187500000000002 0.165625 0.07187500000000002 0.165625 0.11718750000000003 0.1984375 0.11718750000000004
0 0.4875000000000001 0.578125 0.3203125000000001 0.578125 0.3203125000000001 0.734375 0.48750000000000016 0.734375
0 0.46875 0.08437500000000006 0.4265625 0.08437500000000005 0.4265625 0.11562500000000005 0.46875 0.11562500000000005
0 0.678125 0.3765625000000001 0.640625 0.3765625000000001 0.640625 0.4359375 0.678125 0.4359375
0 0.7109375 0.4234375 0.6671875 0.4234375 0.6671875 0.4765625 0.7109375 0.4765625
0 0.7109375 0.2968750000000001 0.671875 0.2968750000000001 0.671875 0.3500000000000001 0.7109375 0.3500000000000001
0 0.7390625 0.3500000000000001 0.703125 0.3500000000000001 0.703125 0.39531250000000007 0.7390625 0.39531250000000007
0 0.746875 0.1781250000000001 0.7265625 0.1781250000000001 0.7265625 0.20468750000000008 0.746875 0.20468750000000008
0 0.7703125 0.2390625000000001 0.7390625 0.2390625000000001 0.7390625 0.2765625000000001 0.7703125 0.2765625000000001
0 0.775 0.1468750000000001 0.75 0.1468750000000001 0.75 0.1843750000000001 0.775 0.1843750000000001
0 0.7890625 0.2140625000000001 0.75625 0.2140625000000001 0.75625 0.2406250000000001 0.7890625 0.2406250000000001
0 0.79375 0.1703125000000001 0.771875 0.1703125000000001 0.771875 0.1921875000000001 0.79375 0.1921875000000001
0 0.81875 0.1453125000000001 0.796875 0.1453125000000001 0.796875 0.1765625000000001 0.81875 0.1765625000000001