0 0.13437500000000008 0.65 0.01093750000000008 0.65 0.010937500000000084 0.721875 0.13437500000000008 0.721875
0 0.08593750000000003 0.2703125 0.050000000000000024 0.2703125 0.05000000000000003 0.3109375 0.08593750000000004 0.3109375
0 0.1750000000000001 0.590625 0.057812500000000065 0.590625 0.05781250000000008 0.66875 0.1750000000000001 0.66875
0 0.12187500000000004 0.2515625 0.08125000000000002 0.2515625 0.08125000000000003 0.309375 0.12187500000000004 0.309375
0 0.15625000000000006 0.246875 0.11250000000000004 0.246875 0.11250000000000004 0.2921875 0.15625000000000006 0.2921875
0 0.2328125000000001 0.3953125 0.14062500000000006 0.3953125 0.14062500000000006 0.4828125 0.2328125000000001 0.4828125
0 0.2953125000000001 0.384375 0.2453125000000001 0.384375 0.2453125000000001 0.446875 0.2953125000000001 0.446875
0 0.3765625000000001 0.4703125 0.2468750000000001 0.4703125 0.2468750000000001 0.55 0.3765625000000001 0.55
0 0.3531250000000001 0.3984375 0.3062500000000001 0.3984375 0.3062500000000001 0.4546875 0.3531250000000001 0.4546875
0 0.434375 0.4359375 0.3906250000000001 0.4359375 0.3906250000000001 0.4890625 0.434375 0.4890625
0 0.6625000000000001 0.715625 0.603125 0.715625 0.6031250000000001 0.8703125 0.6625000000000002 0.8703125