0 0.36718750000000006 0.31718750000000007 0.2125 0.3171875 0.21250000000000005 0.5078125 0.3671875000000001 0.5078125
0 0.05312500000000002 0.15 1.8369701987210297e-17 0.15 2.554536682596432e-17 0.2671875 0.05312500000000002 0.2671875
0 0.14218750000000005 0.1921875 0.03906250000000002 0.1921875 0.039062500000000035 0.3421875 0.14218750000000005 0.3421875
0 0.15156250000000002 0.146875 0.07031250000000003 0.146875 0.07031250000000003 0.2546875 0.15156250000000004 0.2546875
0 0.246875 0.18906250000000002 0.14843750000000006 0.1890625 0.14843750000000006 0.3203125 0.246875 0.3203125
0 0.38281250000000006 0.25625000000000003 0.2453125 0.25625 0.24531250000000004 0.40625 0.3828125000000001 0.40625
0 0.5734375 0.4453125 0.3687500000000001 0.4453125 0.3687500000000001 0.6640625 0.5734375 0.6640625
0 0.571875 0.3375000000000001 0.415625 0.3375000000000001 0.415625 0.53125 0.571875 0.53125
0 0.803125 0.37968750000000007 0.6 0.37968750000000007 0.6 0.6328125000000001 0.803125 0.6328125000000002
0 0.8796875 0.5875000000000001 0.621875 0.5875 0.6218750000000001 0.84375 0.8796875 0.84375
0 0.9984375 0.5515625000000002 0.8453125 0.5515625000000002 0.8453125 0.7546875000000002 0.9984375 0.7546875000000002