0 0.96875 0.28906250000000006 0.046875000000000035 0.2890625 0.04687500000000007 0.95 0.96875 0.95
0 0.559375 0.27031250000000007 0.55 0.27031250000000007 0.55 0.27812500000000007 0.559375 0.27812500000000007
0 0.625 0.3218750000000001 0.6078125 0.3218750000000001 0.6078125 0.3375000000000001 0.625 0.3375000000000001
0 0.621875 0.2593750000000001 0.615625 0.2593750000000001 0.615625 0.2656250000000001 0.621875 0.2656250000000001
0 0.6390625 0.27812500000000007 0.63125 0.27812500000000007 0.63125 0.28593750000000007 0.6390625 0.28593750000000007
0 0.6375 0.2468750000000001 0.6328125 0.2468750000000001 0.6328125 0.2562500000000001 0.6375 0.2562500000000001
0 0.6453125 0.2953125000000001 0.6375 0.2953125000000001 0.6375 0.3046875000000001 0.6453125 0.3046875000000001
0 0.6578125 0.2796875000000001 0.6515625 0.2796875000000001 0.6515625 0.28593750000000007 0.6578125 0.28593750000000007
0 0.671875 0.2828125000000001 0.6640625 0.2828125000000001 0.6640625 0.2890625000000001 0.671875 0.2890625000000001
0 0.6890625 0.3515625000000001 0.66875 0.3515625000000001 0.66875 0.3750000000000001 0.6890625 0.3750000000000001
0 0.684375 0.3046875000000001 0.671875 0.3046875000000001 0.671875 0.31718750000000007 0.684375 0.31718750000000007
0 0.7171875 0.3375000000000001 0.703125 0.3375000000000001 0.703125 0.3437500000000001 0.7171875 0.3437500000000001
0 0.7296875 0.2578125000000001 0.7296875 0.2578125000000001 0.7296875 0.26250000000000007 0.7296875 0.26250000000000007
0 0.7890625 0.37968750000000007 0.7796875 0.37968750000000007 0.7796875 0.40156250000000016 0.7890625 0.40156250000000016