0 0.2296875000000001 0.6140625 0.1843750000000001 0.6140625 0.1843750000000001 0.6625 0.2296875000000001 0.6625
0 0.3359375000000001 0.5625 0.2984375000000001 0.5625 0.2984375000000001 0.6 0.3359375000000001 0.6
0 0.3937500000000001 0.55625 0.3687500000000001 0.55625 0.3687500000000001 0.5875 0.3937500000000001 0.5875
0 0.4296875 0.5578125 0.3968750000000001 0.5578125 0.3968750000000001 0.5921875 0.4296875 0.5921875
0 0.44375 0.5546875 0.4203125 0.5546875 0.4203125 0.5890625 0.44375 0.5890625
0 0.459375 0.546875 0.4390625 0.546875 0.4390625 0.5828125 0.459375 0.5828125
0 0.471875 0.5171875 0.4515625 0.5171875 0.4515625 0.5515625 0.471875 0.5515625
0 0.484375 0.54375 0.4640625 0.54375 0.4640625 0.5640625 0.484375 0.5640625
0 0.5562500000000001 0.65 0.475 0.65 0.4750000000000001 0.765625 0.5562500000000001 0.765625
0 0.5078125 0.5234375 0.49375 0.5234375 0.49375 0.5390625 0.5078125 0.5390625
0 0.5328125 0.5203125 0.515625 0.5203125 0.515625 0.54375 0.5328125 0.54375
0 0.5375 0.50625 0.521875 0.50625 0.521875 0.51875 0.5375 0.51875
0 0.5640625 0.5078125 0.5484375 0.5078125 0.5484375 0.5265625 0.5640625 0.5265625
0 0.56875 0.4734375 0.559375 0.4734375 0.559375 0.4796875 0.56875 0.4796875
0 0.5703125 0.4875 0.5609375 0.4875 0.5609375 0.4984375 0.5703125 0.4984375
0 0.5734375 0.45 0.5640625 0.45 0.5640625 0.465625 0.5734375 0.465625
0 0.59375 0.45 0.584375 0.45 0.584375 0.459375 0.59375 0.459375
0 0.659375 0.5671875 0.625 0.5671875 0.625 0.6109375 0.659375 0.6109375
0 0.7718750000000001 0.6875000000000001 0.63125 0.6875 0.6312500000000001 0.865625 0.7718750000000002 0.865625
0 0.6875 0.46875 0.66875 0.46875 0.66875 0.4875 0.6875 0.4875
0 0.70625 0.5296875 0.6875 0.5296875 0.6875 0.5453125 0.70625 0.5453125
0 0.71875 0.54375 0.6890625 0.54375 0.6890625 0.58125 0.71875 0.58125
0 0.7125 0.459375 0.696875 0.459375 0.696875 0.490625 0.7125 0.490625
0 0.74375 0.44843750000000016 0.73125 0.44843750000000016 0.73125 0.46406250000000016 0.74375 0.46406250000000016