0 0.8234375 0.7703125000000001 0.5703125000000002 0.7703125 0.5703125000000002 0.94375 0.8234375 0.94375
0 0.07968750000000009 0.6453125 7.902798875747763e-17 0.6453125 8.247230788007957e-17 0.7015625 0.07968750000000009 0.7015625
0 0.2468750000000001 0.68125 0.12343750000000009 0.68125 0.12343750000000009 0.753125 0.2468750000000001 0.753125
0 0.35625000000000007 0.7234375 0.14062500000000008 0.7234375 0.14062500000000008 0.840625 0.35625000000000007 0.840625
0 0.4484375000000001 0.675 0.35625000000000007 0.675 0.35625000000000007 0.7328125 0.44843750000000016 0.7328125
0 0.4359375 0.6515625 0.3671875000000001 0.6515625 0.3671875000000001 0.671875 0.4359375 0.671875
0 0.5328125000000001 0.696875 0.3890625000000001 0.696875 0.3890625000000001 0.796875 0.5328125000000001 0.796875
0 0.80625 0.6890625000000001 0.659375 0.6890625 0.659375 0.784375 0.80625 0.7843750000000002
0 0.915625 0.6875000000000002 0.8171875 0.6875000000000002 0.8171875 0.7578125000000002 0.915625 0.7578125000000002
0 0.9703125 0.6765625000000002 0.88125 0.6765625000000002 0.88125 0.7156250000000002 0.9703125 0.7156250000000002
0 0.996875 0.7640625000000002 0.909375 0.7640625000000002 0.909375 0.93125 0.996875 0.93125
0 0.9984375 0.7125000000000001 0.921875 0.7125000000000001 0.921875 0.7937500000000002 0.9984375 0.7937500000000002