0 0.0750000000000001 0.6375 7.807123344564376e-17 0.6375 7.950636641339458e-17 0.6609375 0.0750000000000001 0.6609375
0 0.15000000000000008 0.653125 7.99847440693115e-17 0.653125 8.610797806504827e-17 0.753125 0.15000000000000008 0.753125
0 0.1437500000000001 0.59375 0.010937500000000072 0.59375 0.010937500000000077 0.66875 0.1437500000000001 0.66875
0 0.3078125000000001 0.5734375 0.08125000000000007 0.5734375 0.08125000000000007 0.659375 0.3078125000000001 0.659375
0 0.2906250000000001 0.5546875 0.11250000000000009 0.5546875 0.11250000000000009 0.603125 0.2906250000000001 0.603125
0 0.4375 0.4984375 0.3515625000000001 0.4984375 0.3515625000000001 0.5515625 0.4375 0.5515625
0 0.5171875 0.5 0.4515625 0.5 0.4515625 0.5484375 0.5171875 0.5484375
0 0.7406250000000002 0.7937500000000001 0.4593750000000002 0.79375 0.4593750000000002 0.9984375 0.7406250000000002 0.9984375
0 0.7890625000000001 0.6187500000000001 0.628125 0.61875 0.628125 0.7593750000000001 0.7890625000000002 0.7593750000000001
0 0.7078125 0.459375 0.65625 0.459375 0.65625 0.48125 0.7078125 0.48125
0 0.7609375 0.5750000000000001 0.65625 0.575 0.65625 0.6203125 0.7609375 0.6203125000000002