0 0.18593750000000006 0.4875 0.12812500000000004 0.4875 0.12812500000000007 0.55 0.1859375000000001 0.55
0 0.4000000000000001 0.6359375 0.2328125000000001 0.6359375 0.2328125000000001 0.7484375 0.4000000000000002 0.7484375
0 0.3656250000000001 0.4796875 0.2875000000000001 0.4796875 0.2875000000000001 0.53125 0.3656250000000001 0.53125
0 0.4687500000000001 0.721875 0.31718750000000007 0.721875 0.31718750000000007 0.8359375 0.46875000000000017 0.8359375
0 0.4359375 0.590625 0.3218750000000001 0.590625 0.3218750000000001 0.65625 0.4359375 0.65625
0 0.4234375 0.5125 0.3468750000000001 0.5125 0.3468750000000001 0.5609375 0.4234375 0.5609375
0 0.5140625000000001 0.6375 0.3890625000000001 0.6375 0.3890625000000001 0.728125 0.5140625000000002 0.728125
0 0.51875 0.565625 0.4265625 0.565625 0.4265625 0.6359375 0.51875 0.6359375
0 0.6296875 0.6203125 0.471875 0.6203125 0.471875 0.703125 0.6296875 0.703125
0 0.6656250000000001 0.7109375 0.478125 0.7109375 0.4781250000000001 0.83125 0.6656250000000001 0.83125
0 0.890625 0.7203125000000001 0.675 0.7203125 0.675 0.840625 0.890625 0.840625