0 0.4281250000000002 0.7484375 0.3234375000000001 0.7484375 0.3234375000000001 0.8296875 0.4281250000000002 0.8296875
0 0.1515625000000001 0.7359375 0.08437500000000009 0.7359375 0.08437500000000009 0.7828125 0.1515625000000001 0.7828125
0 0.2406250000000001 0.7296875 0.1687500000000001 0.7296875 0.1687500000000001 0.8 0.2406250000000001 0.8
0 0.3390625000000001 0.728125 0.27031250000000007 0.728125 0.27031250000000007 0.7890625 0.3390625000000001 0.7890625
0 0.6093750000000002 0.74375 0.5203125000000002 0.74375 0.5203125000000002 0.81875 0.6093750000000002 0.81875
0 0.6500000000000001 0.7390625 0.5875000000000001 0.7390625 0.5875000000000001 0.7953125 0.6500000000000001 0.7953125
0 0.7281250000000001 0.7437500000000001 0.6203125000000002 0.74375 0.6203125000000002 0.8234375 0.7281250000000001 0.8234375
0 0.828125 0.7484375000000001 0.7187500000000002 0.7484375 0.7187500000000002 0.8203125 0.828125 0.8203125
0 0.9296875 0.7453125000000002 0.8109375 0.7453125000000002 0.8109375 0.8234375 0.9296875 0.8234375
0 0.984375 0.7500000000000002 0.9 0.7500000000000002 0.9 0.8203125 0.984375 0.8203125
0 0.9984375 0.7531250000000002 0.9546875 0.7531250000000002 0.9546875 0.80625 0.9984375 0.80625