0 0.04218750000000005 0.3671875 4.4967499656191874e-17 0.3671875 4.7550738998143316e-17 0.409375 0.04218750000000006 0.409375
0 0.08281250000000005 0.4390625 0.007812500000000052 0.4390625 0.007812500000000057 0.5 0.08281250000000007 0.5
0 0.10625000000000004 0.365625 0.04687500000000004 0.365625 0.04687500000000005 0.4109375 0.10625000000000004 0.4109375
0 0.16250000000000003 0.4265625 0.08437500000000005 0.4265625 0.08437500000000006 0.5 0.16250000000000003 0.5
0 0.2234375000000001 0.4125 0.16250000000000003 0.4125 0.16250000000000003 0.4859375 0.2234375000000001 0.4859375
0 0.24062500000000003 0.359375 0.17812500000000003 0.359375 0.17812500000000003 0.396875 0.2406250000000001 0.396875
0 0.3531250000000001 0.64375 0.18750000000000008 0.64375 0.18750000000000008 0.7703125 0.3531250000000001 0.7703125
0 0.6203125 0.471875 0.22812500000000008 0.471875 0.22812500000000008 0.6703125 0.6203125 0.6703125
0 0.4687500000000001 0.6078125 0.3062500000000001 0.6078125 0.3062500000000001 0.7546875 0.46875000000000017 0.7546875
0 0.56875 0.3203125000000001 0.50625 0.3203125000000001 0.50625 0.3500000000000001 0.56875 0.3500000000000001
0 0.5765625 0.4390625 0.50625 0.4390625 0.50625 0.4984375 0.5765625 0.4984375
0 0.628125 0.4421875 0.553125 0.4421875 0.553125 0.509375 0.628125 0.509375
0 0.75 0.5734375 0.5578125 0.5734375 0.5578125 0.7031250000000001 0.75 0.7031250000000002
0 0.6203125 0.34062500000000007 0.5640625 0.34062500000000007 0.5640625 0.3593750000000001 0.6203125 0.3593750000000001
0 0.6359375 0.3515625000000001 0.571875 0.3515625000000001 0.571875 0.4109375 0.6359375 0.4109375
0 0.66875 0.4640625 0.5921875 0.4640625 0.5921875 0.53125 0.66875 0.53125
0 0.6890625 0.4234375 0.609375 0.4234375 0.609375 0.4640625 0.6890625 0.4640625
0 0.6984375 0.3593750000000001 0.6203125 0.3593750000000001 0.6203125 0.4109375 0.6984375 0.4109375
0 0.75 0.45781250000000007 0.6296875 0.4578125 0.6296875 0.5265625 0.75 0.5265625000000002
0 0.7078125 0.3453125000000001 0.64375 0.3453125000000001 0.64375 0.3781250000000001 0.7078125 0.3781250000000001
0 0.7984375 0.4281250000000001 0.6890625 0.428125 0.6890625 0.5062500000000001 0.7984375 0.5062500000000002
0 0.8171875 0.3281250000000001 0.7328125 0.3281250000000001 0.7328125 0.3921875000000001 0.8171875 0.3921875000000001
0 0.790625 0.3656250000000001 0.74375 0.3656250000000001 0.74375 0.3937500000000001 0.790625 0.3937500000000001
0 0.8109375 0.32500000000000007 0.75625 0.32500000000000007 0.75625 0.3625000000000001 0.8109375 0.3625000000000001