0 0.3343750000000001 0.7296875 0.2468750000000001 0.7296875 0.2468750000000001 0.8359375 0.3343750000000001 0.8359375
0 0.3531250000000001 0.61875 0.3031250000000001 0.61875 0.3031250000000001 0.6859375 0.3531250000000001 0.6859375
0 0.40625 0.4625 0.3609375000000001 0.4625 0.3609375000000001 0.4984375 0.40625 0.4984375
0 0.44375 0.5171875 0.3750000000000001 0.5171875 0.3750000000000001 0.5859375 0.44375 0.5859375
0 0.43125 0.403125 0.39531250000000007 0.403125 0.39531250000000007 0.440625 0.43125 0.440625
0 0.4765625000000001 0.671875 0.39531250000000007 0.671875 0.39531250000000007 0.7625 0.47656250000000017 0.7625
0 0.46875 0.3593750000000001 0.4390625 0.3593750000000001 0.4390625 0.38750000000000007 0.46875 0.38750000000000007
0 0.484375 0.39531250000000007 0.45625 0.39531250000000007 0.45625 0.440625 0.484375 0.440625
0 0.5171875 0.2906250000000001 0.5015625 0.2906250000000001 0.5015625 0.3062500000000001 0.5171875 0.3062500000000001
0 0.5375 0.4015625 0.5015625 0.4015625 0.5015625 0.4375 0.5375 0.4375
0 0.5625 0.3593750000000001 0.509375 0.3593750000000001 0.509375 0.3921875000000001 0.5625 0.3921875000000001
0 0.6250000000000001 0.6671875 0.5328125 0.6671875 0.5328125000000001 0.771875 0.6250000000000002 0.771875
0 0.575 0.3968750000000001 0.5421875 0.3968750000000001 0.5421875 0.428125 0.575 0.428125
0 0.6250000000000001 0.70625 0.546875 0.70625 0.5468750000000001 0.8125 0.6250000000000002 0.8125
0 0.6109375 0.4046875 0.58125 0.4046875 0.58125 0.4359375 0.6109375 0.4359375
0 0.6703125 0.4 0.625 0.4 0.625 0.446875 0.6703125 0.446875
0 0.7406250000000001 0.6953125000000001 0.665625 0.6953125 0.6656250000000001 0.7718750000000001 0.7406250000000002 0.7718750000000002