0 0.2828125000000001 0.8546875 0.08437500000000012 0.8546875 0.08437500000000012 0.978125 0.2828125000000001 0.978125
0 0.07812500000000007 0.4578125 0.006250000000000056 0.4578125 0.006250000000000061 0.534375 0.07812500000000007 0.534375
0 0.08906250000000004 0.36875 0.04531250000000005 0.36875 0.04531250000000005 0.425 0.08906250000000004 0.425
0 0.10468750000000004 0.4359375 0.050000000000000044 0.4359375 0.05000000000000006 0.484375 0.10468750000000004 0.484375
0 0.13125000000000003 0.3546875 0.08281250000000004 0.3546875 0.08281250000000004 0.3921875 0.13125000000000003 0.3921875
0 0.15000000000000005 0.3328125 0.10937500000000004 0.3328125 0.10937500000000004 0.3828125 0.15000000000000005 0.3828125
0 0.17500000000000004 0.325 0.14062500000000006 0.325 0.14062500000000006 0.353125 0.17500000000000004 0.353125
0 0.290625 0.3453125 0.2453125 0.3453125 0.24531250000000004 0.3828125 0.2906250000000001 0.3828125
0 0.30781250000000004 0.3265625 0.2640625 0.3265625 0.26406250000000003 0.365625 0.3078125000000001 0.365625
0 0.328125 0.2984375 0.2890625 0.2984375 0.2890625 0.3515625 0.328125 0.3515625
0 0.3375 0.2828125 0.309375 0.2828125 0.309375 0.328125 0.3375 0.328125
0 0.40625 0.2531250000000001 0.3828125 0.2531250000000001 0.3828125 0.2734375000000001 0.40625 0.2734375000000001
0 0.4375 0.2984375000000001 0.4046875 0.2984375000000001 0.4046875 0.3343750000000001 0.4375 0.3343750000000001
0 0.571875 0.33281250000000007 0.5390625 0.33281250000000007 0.5390625 0.3812500000000001 0.571875 0.3812500000000001
0 0.6546875 0.3687500000000001 0.584375 0.3687500000000001 0.584375 0.43125 0.6546875 0.43125
0 0.6796875 0.415625 0.625 0.415625 0.625 0.471875 0.6796875 0.471875
0 0.7296875 0.44218750000000007 0.65 0.4421875 0.65 0.5062500000000001 0.7296875 0.5062500000000002
0 0.7046875 0.3687500000000001 0.6546875 0.3687500000000001 0.6546875 0.415625 0.7046875 0.415625
0 0.7453125 0.3734375000000001 0.690625 0.3734375000000001 0.690625 0.4375000000000001 0.7453125 0.43750000000000017
0 0.796875 0.3734375000000001 0.75 0.3734375000000001 0.75 0.42187500000000017 0.796875 0.42187500000000017
0 0.8296875 0.4421875000000002 0.7578125 0.4421875000000002 0.7578125 0.49531250000000016 0.8296875 0.49531250000000016
0 0.859375 0.4046875000000002 0.8015625 0.4046875000000002 0.8015625 0.4578125000000002 0.859375 0.4578125000000002
0 0.8921875 0.4828125000000002 0.803125 0.4828125000000002 0.803125 0.5406250000000001 0.8921875 0.5406250000000001
0 0.915625 0.42500000000000016 0.8515625 0.42500000000000016 0.8515625 0.47656250000000017 0.915625 0.47656250000000017
0 0.94375 0.5203125000000002 0.8609375 0.5203125000000002 0.8609375 0.5937500000000002 0.94375 0.5937500000000002
0 0.9828125 0.46406250000000016 0.928125 0.46406250000000016 0.928125 0.5312500000000002 0.9828125 0.5312500000000002