0 0.9328125 0.5312500000000001 0.4578125 0.53125 0.45781250000000007 0.8734375 0.9328125 0.8734375
0 0.07187500000000006 0.5421875 6.639881864127056e-17 0.5421875 7.079989307570636e-17 0.6140625 0.07187500000000006 0.6140625
0 0.14062500000000008 0.5765625 0.03125000000000007 0.5765625 0.031250000000000076 0.68125 0.14062500000000008 0.68125
0 0.16875000000000007 0.5375 0.07500000000000007 0.5375 0.07500000000000007 0.584375 0.1687500000000001 0.584375
0 0.3359375000000001 0.5859375 0.1140625000000001 0.5859375 0.1140625000000001 0.759375 0.3359375000000001 0.759375
0 0.21250000000000008 0.5296875 0.14062500000000006 0.5296875 0.14062500000000006 0.5671875 0.21250000000000008 0.5671875
0 0.21875000000000008 0.5078125 0.18593750000000003 0.5078125 0.18593750000000003 0.5375 0.21875000000000008 0.5375
0 0.27812500000000007 0.515625 0.21875000000000008 0.515625 0.21875000000000008 0.5578125 0.27812500000000007 0.5578125
0 0.3140625000000001 0.5421875 0.23593750000000008 0.5421875 0.23593750000000008 0.640625 0.3140625000000001 0.640625
0 0.3343750000000001 0.51875 0.2875000000000001 0.51875 0.2875000000000001 0.5515625 0.3343750000000001 0.5515625
0 0.4171875 0.5515625 0.3343750000000001 0.5515625 0.3343750000000001 0.634375 0.4171875 0.634375
0 0.45 0.534375 0.3515625000000001 0.534375 0.3515625000000001 0.5828125 0.45 0.5828125
0 0.553125 0.5421875 0.38750000000000007 0.5421875 0.38750000000000007 0.653125 0.553125 0.653125