0 0.3687500000000001 0.503125 0.2593750000000001 0.503125 0.2593750000000001 0.6421875 0.3687500000000001 0.6421875
0 0.27031250000000007 0.646875 0.13281250000000008 0.646875 0.13281250000000008 0.8078125 0.27031250000000007 0.8078125
0 0.3843750000000001 0.37968750000000007 0.3125000000000001 0.3796875 0.3125000000000001 0.4671875 0.3843750000000001 0.4671875
0 0.40625 0.27187500000000003 0.359375 0.271875 0.359375 0.31562500000000004 0.40625 0.3156250000000001
0 0.5265625000000002 0.7484375 0.3828125000000001 0.7484375 0.3828125000000001 0.9609375 0.5265625000000002 0.9609375
0 0.434375 0.2218750000000001 0.3921875 0.2218750000000001 0.3921875 0.2640625000000001 0.434375 0.2640625000000001
0 0.5281250000000001 0.5921875 0.4140625 0.5921875 0.4140625000000001 0.7390625 0.5281250000000002 0.7390625
0 0.515625 0.3609375000000001 0.4515625 0.3609375000000001 0.4515625 0.440625 0.515625 0.440625
0 0.50625 0.23593750000000008 0.465625 0.23593750000000008 0.465625 0.2640625000000001 0.50625 0.2640625000000001
0 0.51875 0.2656250000000001 0.4640625 0.2656250000000001 0.4640625 0.3421875000000001 0.51875 0.3421875000000001
0 0.5671875 0.18906250000000008 0.5234375 0.18906250000000005 0.5234375 0.2515625000000001 0.5671875 0.2515625000000001
0 0.5921875 0.2484375000000001 0.5484375 0.2484375000000001 0.5484375 0.2953125000000001 0.5921875 0.2953125000000001
0 0.6109375 0.28593750000000007 0.5546875 0.28593750000000007 0.5546875 0.3609375000000001 0.6109375 0.3609375000000001
0 0.6453125 0.3765625000000001 0.5828125 0.3765625000000001 0.5828125 0.453125 0.6453125 0.453125
0 0.734375 0.5625000000000001 0.61875 0.5625 0.61875 0.7156250000000001 0.734375 0.7156250000000002