0 0.946875 0.7312500000000002 0.7875000000000002 0.7312500000000002 0.7875000000000002 0.89375 0.946875 0.89375
0 0.2515625000000001 0.765625 9.376202055971923e-17 0.765625 1.0792199917486051e-16 0.996875 0.2515625000000001 0.996875
0 0.10312500000000009 0.7046875 0.07812500000000008 0.7046875 0.07812500000000008 0.74375 0.10312500000000009 0.74375
0 0.12343750000000009 0.6984375 0.09687500000000009 0.6984375 0.09687500000000009 0.7359375 0.12343750000000009 0.7359375
0 0.1515625000000001 0.696875 0.11093750000000009 0.696875 0.11093750000000009 0.7296875 0.1515625000000001 0.7296875
0 0.3781250000000001 0.70625 0.3312500000000001 0.70625 0.3312500000000001 0.7546875 0.3781250000000001 0.7546875
0 0.3859375000000001 0.703125 0.3781250000000001 0.703125 0.3781250000000001 0.746875 0.3859375000000001 0.746875
0 0.4093750000000001 0.709375 0.3828125000000001 0.709375 0.3828125000000001 0.740625 0.40937500000000016 0.740625
0 0.4750000000000001 0.7140625 0.4328125 0.7140625 0.4328125000000001 0.7546875 0.4750000000000002 0.7546875
0 0.4859375000000001 0.703125 0.471875 0.703125 0.4718750000000001 0.734375 0.4859375000000002 0.734375
0 0.659375 0.715625 0.6328125 0.715625 0.6328125000000001 0.73125 0.6593750000000002 0.73125
0 0.6953125000000001 0.696875 0.6625 0.696875 0.6625000000000001 0.753125 0.6953125000000002 0.753125
0 0.7296875 0.70625 0.690625 0.70625 0.690625 0.7468750000000001 0.7296875000000002 0.7468750000000002
0 0.971875 0.6968750000000001 0.9375 0.6968750000000001 0.9375 0.7484375000000002 0.971875 0.7484375000000002
0 0.9984375 0.6890625000000001 0.9671875 0.6890625000000001 0.9671875 0.7531250000000002 0.9984375 0.7531250000000002
0 0.9984375 0.7140625000000002 0.9859375 0.7140625000000002 0.9859375 0.7609375000000002 0.9984375 0.7609375000000002