0 0.05312500000000009 0.6359375 7.787988238327699e-17 0.6359375 8.323771212954667e-17 0.7234375 0.05312500000000009 0.7234375
0 0.7296875 0.5078125000000001 0.6625 0.5078125 0.6625 0.5671875000000001 0.7296875 0.5671875000000002
0 0.765625 0.4906250000000001 0.715625 0.490625 0.715625 0.5546875000000001 0.765625 0.5546875000000002
0 0.7796875 0.4546875000000002 0.734375 0.4546875000000002 0.734375 0.5000000000000002 0.7796875 0.5000000000000002
0 0.809375 0.4812500000000002 0.7515625 0.4812500000000002 0.7515625 0.5328125000000001 0.809375 0.5328125000000001
0 0.790625 0.4265625000000002 0.759375 0.4265625000000002 0.759375 0.4515625000000002 0.790625 0.4515625000000002
0 0.8265625 0.5140625000000002 0.771875 0.5140625000000002 0.771875 0.5609375000000002 0.8265625 0.5609375000000002
0 0.8578125 0.48750000000000016 0.8125 0.48750000000000016 0.8125 0.5328125000000001 0.8578125 0.5328125000000001
0 0.871875 0.44062500000000016 0.846875 0.44062500000000016 0.846875 0.47968750000000016 0.871875 0.47968750000000016
0 0.890625 0.4781250000000002 0.846875 0.4781250000000002 0.846875 0.5140625000000002 0.890625 0.5140625000000002
0 0.9421875 0.4515625000000002 0.9109375 0.4515625000000002 0.9109375 0.4890625000000002 0.9421875 0.4890625000000002
0 0.9734375 0.4781250000000002 0.9359375 0.4781250000000002 0.9359375 0.5156250000000002 0.9734375 0.5156250000000002