0 0.30937500000000007 0.653125 0.028125000000000077 0.653125 0.028125000000000094 0.89375 0.30937500000000007 0.89375
0 0.3265625000000001 0.490625 0.06718750000000007 0.490625 0.06718750000000008 0.7109375 0.3265625000000001 0.7109375
0 0.44375 0.35781250000000003 0.17343750000000005 0.3578125 0.17343750000000008 0.5765625 0.44375 0.5765625
0 0.4390625 0.21875000000000006 0.19375000000000003 0.21875 0.19375000000000003 0.4046875 0.4390625 0.4046875
0 0.5734375 0.6703125 0.3140625000000001 0.6703125 0.3140625000000001 0.890625 0.5734375000000002 0.890625
0 0.6375 0.14531250000000007 0.3796875 0.14531250000000004 0.3796875 0.3187500000000001 0.6375 0.3187500000000001
0 0.6890625000000001 0.5515625 0.41875 0.5515625 0.41875000000000007 0.784375 0.6890625000000001 0.784375
0 0.75 0.2875000000000001 0.484375 0.2875000000000001 0.484375 0.4875000000000001 0.75 0.48750000000000016
0 0.8171875 0.4625000000000001 0.528125 0.4625 0.528125 0.6812500000000001 0.8171875 0.6812500000000001
0 0.8703125 0.14218750000000008 0.64375 0.14218750000000008 0.64375 0.2921875000000001 0.8703125 0.2921875000000001
0 0.946875 0.2718750000000001 0.6796875 0.2718750000000001 0.6796875 0.47343750000000007 0.946875 0.4734375000000002