0 0.1671875000000001 0.7296875 0.034375000000000086 0.7296875 0.0343750000000001 0.8625 0.1671875000000001 0.8625
0 0.0625000000000001 0.7578125 9.280526524788537e-17 0.7578125 9.959822796190584e-17 0.86875 0.06250000000000011 0.86875
0 0.23593750000000008 0.959375 0.0796875000000001 0.959375 0.07968750000000012 0.9984375 0.23593750000000008 0.9984375
0 0.1703125000000001 0.6296875 0.09375000000000007 0.6296875 0.09375000000000008 0.6859375 0.1703125000000001 0.6859375
0 0.4937500000000002 0.8484375 0.21875000000000008 0.8484375 0.21875000000000008 0.9984375 0.4937500000000002 0.9984375
0 0.31718750000000007 0.6171875 0.2562500000000001 0.6171875 0.2562500000000001 0.665625 0.31718750000000007 0.665625
0 0.6093750000000002 0.8734375 0.40937500000000016 0.8734375 0.40937500000000016 0.9984375 0.6093750000000002 0.9984375
0 0.790625 0.6015625000000001 0.6703125 0.6015625 0.6703125 0.6781250000000001 0.790625 0.6781250000000002
0 0.778125 0.5265625000000002 0.7515625 0.5265625000000002 0.7515625 0.5562500000000001 0.778125 0.5562500000000001
0 0.9328125 0.5406250000000001 0.8859375 0.5406250000000001 0.8859375 0.5734375000000002 0.9328125 0.5734375000000002
0 0.9984375 0.5437500000000002 0.9671875 0.5437500000000002 0.9671875 0.5687500000000002 0.9984375 0.5687500000000002