0 0.9125 0.08437500000000006 0.071875 0.084375 0.07187500000000005 0.94375 0.9125 0.94375
0 0.928125 0.2906250000000001 0.9046875 0.2906250000000001 0.9046875 0.3156250000000001 0.928125 0.3156250000000001
0 0.93125 0.3281250000000001 0.9109375 0.3281250000000001 0.9109375 0.3578125000000001 0.93125 0.3578125000000001
0 0.9328125 0.21093750000000008 0.9109375 0.21093750000000008 0.9109375 0.2296875000000001 0.9328125 0.2296875000000001
0 0.940625 0.15468750000000014 0.9171875 0.15468750000000014 0.9171875 0.18281250000000013 0.940625 0.18281250000000013
0 0.9546875 0.18437500000000012 0.93125 0.18437500000000012 0.93125 0.21250000000000008 0.9546875 0.21250000000000008
0 0.95625 0.2796875000000001 0.9328125 0.2796875000000001 0.9328125 0.3078125000000001 0.95625 0.3078125000000001
0 0.9640625 0.31718750000000007 0.9390625 0.31718750000000007 0.9390625 0.3437500000000001 0.9640625 0.3437500000000001
0 0.9703125 0.19843750000000013 0.9484375 0.19843750000000013 0.9484375 0.2218750000000001 0.9703125 0.2218750000000001
0 0.978125 0.15156250000000013 0.953125 0.15156250000000013 0.953125 0.17656250000000012 0.978125 0.17656250000000012
0 0.9828125 0.2796875000000001 0.9609375 0.2796875000000001 0.9609375 0.3031250000000001 0.9828125 0.3031250000000001
0 0.9953125 0.18281250000000013 0.971875 0.18281250000000013 0.971875 0.20468750000000008 0.9953125 0.20468750000000008
0 0.9984375 0.3078125000000001 0.975 0.3078125000000001 0.975 0.3375000000000001 0.9984375 0.3375000000000001