0 0.21250000000000008 0.815625 0.08437500000000009 0.815625 0.0843750000000001 0.9515625 0.21250000000000008 0.9515625
0 0.3968750000000001 0.5125 0.3656250000000001 0.5125 0.3656250000000001 0.534375 0.3968750000000001 0.534375
0 0.3968750000000001 0.521875 0.3703125000000001 0.521875 0.3703125000000001 0.5390625 0.3968750000000001 0.5390625
0 0.45625 0.5015625 0.43125 0.5015625 0.43125 0.5265625 0.45625 0.5265625
0 0.4671875 0.48125 0.4515625 0.48125 0.4515625 0.496875 0.4671875 0.496875
0 0.5109375 0.475 0.5015625 0.475 0.5015625 0.4890625 0.5109375 0.4890625
0 0.5265625 0.496875 0.5109375 0.496875 0.5109375 0.5109375 0.5265625 0.5109375
0 0.5453125 0.453125 0.53125 0.453125 0.53125 0.465625 0.5453125 0.465625
0 0.546875 0.48125 0.5359375 0.48125 0.5359375 0.4984375 0.546875 0.4984375
0 0.553125 0.465625 0.5421875 0.465625 0.5421875 0.4703125 0.553125 0.4703125
0 0.5640625 0.5171875 0.5484375 0.5171875 0.5484375 0.5421875 0.5640625 0.5421875
0 0.6156250000000001 0.6828125 0.553125 0.6828125 0.5531250000000001 0.7703125 0.6156250000000002 0.7703125
0 0.571875 0.459375 0.55625 0.459375 0.55625 0.4671875 0.571875 0.4671875
0 0.590625 0.553125 0.559375 0.553125 0.559375 0.5890625 0.590625 0.5890625
0 0.5953125 0.4609375 0.58125 0.4609375 0.58125 0.4671875 0.5953125 0.4671875
0 0.6046875 0.475 0.590625 0.475 0.590625 0.4828125 0.6046875 0.4828125
0 0.6296875 0.4765625 0.6078125 0.4765625 0.6078125 0.490625 0.6296875 0.490625
0 0.6453125 0.478125 0.6328125 0.478125 0.6328125 0.484375 0.6453125 0.484375
0 0.6515625 0.4609375 0.6359375 0.4609375 0.6359375 0.478125 0.6515625 0.478125
0 0.6625 0.5171875 0.6453125 0.5171875 0.6453125 0.5328125 0.6625 0.5328125
0 0.671875 0.475 0.6578125 0.475 0.6578125 0.4890625 0.671875 0.4890625