0 0.3234375000000001 0.83125 0.1765625000000001 0.83125 0.17656250000000012 0.940625 0.3234375000000001 0.940625
0 0.4343750000000002 0.809375 0.3515625000000001 0.809375 0.3515625000000001 0.840625 0.4343750000000002 0.840625
0 0.5312500000000002 0.803125 0.45312500000000017 0.803125 0.45312500000000017 0.840625 0.5312500000000002 0.840625
0 0.5562500000000001 0.7984375 0.5187500000000002 0.7984375 0.5187500000000002 0.8296875 0.5562500000000001 0.8296875
0 0.6015625000000002 0.803125 0.5406250000000001 0.803125 0.5406250000000001 0.8390625 0.6015625000000002 0.8390625
0 0.6406250000000002 0.790625 0.5875000000000001 0.790625 0.5875000000000001 0.825 0.6406250000000002 0.825
0 0.6968750000000001 0.7890625 0.6328125000000002 0.7890625 0.6328125000000002 0.8359375 0.6968750000000001 0.8359375
0 0.7375000000000002 0.7875000000000001 0.6750000000000002 0.7875 0.6750000000000002 0.825 0.7375000000000002 0.825
0 0.7890625000000002 0.7890625000000002 0.7265625000000002 0.7890625000000002 0.7265625000000002 0.8390625 0.7890625000000002 0.8390625
0 0.8609375 0.7765625000000002 0.7765625000000002 0.7765625000000002 0.7765625000000002 0.825 0.8609375 0.825
0 0.95 0.7671875000000001 0.85 0.7671875000000001 0.85 0.8390625 0.95 0.8390625
0 0.9984375 0.7796875000000002 0.9046875 0.7796875000000002 0.9046875 0.859375 0.9984375 0.859375
0 0.9984375 0.7609375000000002 0.93125 0.7609375000000002 0.93125 0.809375 0.9984375 0.809375